0914
0912
0910
0891
0908
0879
0872
0862
0962
0363
0918
0731
0712
0950
0842
0819
0320
0058
0952
0969
0368
0944
0967
0965
0957
0963
0065
0959
0961
0938
0877
0888
0940
0909
0949
0947
0906
0932
0943
0941
0184
0939
0926
0937
0067
0935
0185
0931
0588
0927
0925
0920
0873
0868
0916
0919
0137
0772
0776
0781
0671
0790
0775
0777
0783
0055
0097
0681
0719
0202
8079
0761
0495
0498
0869
0823
0467
0432
0447
0629
0305
0383
0874
0423
0587
0676
0118
0124
0342
0343
0346
0347
0350
0011
0958
0966
7003
0418
0964
0007
0960
0899
0948
0172
0687
0973
0989
5022
0040
0976
0275
0987
0422
0980
5021
0428
0972
0985
0030
0138
0977
0193
0092
0968
0930
0981
0479
0166
0167
0677
0187
0188
0751
0189
0190
0758
0748
0749
0483
0600
0607
8077
0787
0175
0176
0054
0068
0169
0621
0147
0152
0157
0670
0691
0746
0750
0512
0678
0689
0715
0884
0901
0886
0845
0897
0708
0703
0706
0729
0730
0732
0733
0506
0582
0568
0638
0577
0236
0602
0611
0481
0667
0672
0742
0853
0142
0655
0759
0595
0631
0642
0714
0745
0636
0515
0639
0641
0651
0662
0668
0496
0814
0821
0603
0604
0606
0685
0682
0679
0796
0778
0413
0810
0439
0421
0807
0793
0063
0797
0786
0794
0795
0240
0162
0782
1008
1010
0382
1009
1006
1001
0982
5025
0999
0370
0771
0649
0756
0894
0767
0768
0608
0727
0770
0763
0855
0765
0757
0230
0270
0299
0304
0326
0336
0488
0489
0494
0511
0583
0585
0589
0590
0592
0593
0596
0598
0599
0669
0680
0688
0696
0725
0809
0822
0828
0831
0839
0846
0848
5002
5005
6005
8034
0214
0215
0216
0219
0222
0410
0404
0405
0409
0401
0194
0195
0139
0115
0111
0131
0107
0100
0082
0093
0072
0085
0060
0066
0031
0029
0014
0022
0038
0459
0028
0701
0003
0539
0210
0704
0170
0102
0087
0053
0061
0064
0059
0605
0615
0699
0314
0331
0860
0851
0854
0628
0461
0474
0815
0798
0736
0501
0812
0892
0480
0837
0825
0042
0057
0009
0010
0013
0017
0120
0089
0507
0525
0580
0547
0345
0080
0312
0033
0760
0764
0844
0996
0231
0235
0225
0227
0228
0411
0412
0213
0619
0329
0755
0622
0388
0620
0624
0887
0889
0711
0710
0707
0627
0865
0856
0360
0660
0313
0327
0330
0375
0319
0341
0333
0395
0396
0387
0257
0369
0328
0799
0322
0406
0928
0924
0559
0922
0923
0896
0895
0898
0654
0834
0818
0340
0597
0269
0808
0726
0835
0211
0859
0813
0841
0883
0881
0392
0890
0804
0789
0788
0870
0864
0737
0863
0221
0247
0255
0300
0309
0310
0321
0332
0335
0718
0348
0720
0349
0394
0408
0424
0722
0462
0463
0466
0724
0476
0487
0490
0471
0470
0469
0468
0465
0464
0339
0458
0652
0414
0584
0676
0833
0259
0784
0723
0709
0905
0946
0951
0594
0407
0220
0614
0224
0237
0238
0241
0243
0244
0415
0416
0261
0263
0267
0271
0276
0381
0403
0426
0272
0277
0279
0282
0427
0429
0430
0431
0301
0433
0434
0435
0436
0437
0438
0440
0441
0442
0445
6001
0443
0444
0448
0449
0452
0456
0457
6000
0318
0472
0475
0477
0485
0500
0503
0586
0502
0505
0508
0573
0574
0576
0578
0579
0047
0365
0499
0514
0531
0549
0560
0562
0567
0570
0633
0635
0705
0005
0008
8063
0159
0317
0373
0399
0020
0037
0078
0081
0086
0088
0096
0098
0112
0114
0126
0150
0165
0168
0717
0180
0183
